36882769
36447047
36380021
36959481
37101248
36774340
36845112
36944609
35403545
36685598
36795483
36857094
36536250
36287114
37277863
36769358
36882414
36639542
37259067
36109647
36641456
37225709
36845119
36690638
38022612
37516014
36604592
36671512
37446120
37084690
37660060
37794028
37298435
37325669
36624090
37910384
37458878
37010259
36624476
37154876
36849530
37048123
37996827
37181809
37762083
37081756
37834062
36815695
36768500
36815385
37950723
37402593
37373257
37248872
37726282
36675111
37469518
37686142
37491375
37629100
37341483
37108191
37895022
36674798
37612413
36695550
36112262
37284695
37991825
37289372
35950752
37063888
36815377
37047563
37409125
37352975
36982153
37511220
37373183
37894808
37612409
37594630
36376381
37199077
37635159
36755812
37377973
37463851
37048129
37795964
36760166
37612408
36864446
37580393
36776523
37834044
36781172
36899940
37797233
36175539
37266429
36397619
37772383
36644574
37488128
37624259
36982438
37928554
36401596
37073120
36688016
37547320
37261341
36632450
37795103
37755301
37701107
37696887
37671872
37511472
37457915
37400420
37313463
37215142
37048142
37047604
37005480
36915449
36914856
36894873
36836763
36647116
36404592
37731512
37693060
37569431
37344501
37264410
37165460
37020867
36986507
36894951
36699089
36670975
36635251
37892230
37887077
37767403
37667560
37623873
37540658
37239812
37190215
37174717
37081578
37070746
37033602
36986324
36943511
36793614
36769355
36766734
37623229
37156551
36401133
35623884
37117222
37875480
37422468
37149651
36653350
38071234
37596272
37009132
36970883
36899018
37162249
37769126
36787737
36614300
37108564
36104978
37002200
37433795
37865680
36849510
37367068
37120609
36737428
36781845
37438339
37524717
37156771
37607935
37156809
37130832
37935656
36894531
37142568
36658107
